06. 顺时针打印矩阵
题目：给定一个矩阵，从外向内顺时针打印矩阵中的每一个数字。

例如：给定矩阵：
1    2    3    4
5    6    7    8
9    10   11  12
13   14   15  16

输出应该为：{1, 2, 3, 4, 8, 12, 16, 15, 14, 13, 9, 5, 6, 7, 11, 10}

07. 求子数组的最大和（动态规划）
　　题目：输入一个整型数组，数组里面有正数也有负数，数组中的连续一个或者多个整数组成一个子数组，每一个子数组都有一个和，求所有子数组和的最大值。要求时间复杂度为O(n)。

　　例如：输入数组为{1,-2,3,10,-4,7,2,-5}，和的最大子数组为{3,10,-4,7,2},因此输出为子数组的和18。

08. 数对之差的最大值
　题目：数组中，数字减去它右边（不要求相邻）的数字得到一个数对之差。求所有数对之差的最大值。例如：数组{2, 4, 1, 16, 7, 5, 11, 9},数对之差的最大值是11，是16-5的结果。

http://www.cnblogs.com/python27/archive/2011/12/01/2270724.html